8.04186 5.73675 162 0 108 0.69 0.1394377
8.00433 5.68028 167 1 99 0.74 0.1529836
8.905556 5.347222 88 5 783 0.79 0.1646169
8.10072 5.91742 62 5 104 0.67 0.1223972
8.18251 5.10454 167 3 109 0.85 0.1656
8.929167 5.355556 66 3 909 0.8 0.191582
11.36 4.885 163 11 503 0.78 0.1476068
8.06749 5.8978 83 0 103 0.69 0.1267173
9.018056 5.593056 30 4 751 0.8 0.1441905
9.3125 6.004167 57 4 268 0.84 0.1520339
11.50833 3.35 128 29 392 0.82 0.1778220
11.67083 3.391667 402 52 497 0.8 0.1885279
11.283 4.084 185 46 554 0.81 0.1859276
8.956944 5.472222 26 4 858 0.9 0.1704431
9.052778 5.580556 181 20 801 0.85 0.1426147
9.305556 5.945833 128 8 518 0.82 0.1616817
10.345 5.253 156 2 1795 0.72 0.1327099
13.61667 4.433333 169 37 655 0.79 0.1636464
11.23 4.435 136 7 415 0.74 0.1524663
10.23 5.5 151 3 1396 0.8 0.1337813
10.245 5.393 152 3 1523 0.74 0.1293727
14.02778 5.080556 128 60 759 0.83 0.169338
10.165 5.418 150 2 1673 0.78 0.1353964
15.02222 4.144444 28 12 586 0.83 0.1464372
10.224 5.034 151 20 575 0.88 0.1796052
10.64167 6.576389 195 0 1368 0.76 0.1549732
10.365 5.294 150 2 1703 0.72 0.1145807
10.381 5.176 90 0 1446 0.73 0.1234115
10.26 5.38 79 0 1554 0.74 0.1144516
10.049 5.098 150 11 958 0.87 0.1195495
9.14876 6.63014 132 11 212 0.75 0.1430302
9.12713 6.58249 136 6 573 0.74 0.1278749
14.55 4.794444 152 18 723 0.79 0.1760457
11.185 4.529 89 7 457 0.78 0.1536485
14.85 4.316667 79 25 610 0.78 0.1646182
10.54306 6.519444 119 3 1131 0.76 0.1590493
14.5 5.075 123 35 773 0.84 0.1509684
10.09583 3.995833 126 39 68 0.89 0.2052430
9.1073 6.60449 137 24 205 0.74 0.1386104
11.358 4.644 65 1 403 0.75 0.1581351
11.28 4.773 60 5 458 0.74 0.1473691
11.62778 4.516667 172 49 534 0.76 0.1706279
14.15556 3.933333 151 44 626 0.85 0.1483992
11.63889 4.533333 77 26 562 0.8 0.1859864
11.80556 3.577778 75 20 443 0.83 0.1806485
9.883333 4.4 69 7 4 0.86 0.1492544
11.146 4.601 129 15 470 0.85 0.1486362
14.05 4.066667 132 49 657 0.82 0.1568323
11.258 4.525 277 8 443 0.76 0.1576107
14.44444 5.713889 114 29 917 0.83 0.1666248
13.43889 4.566667 158 38 715 0.78 0.1821377
11.258 4.535 49 4 452 0.79 0.1560130
11.316 4.616 69 22 454 0.77 0.1476260
14.11667 5.35 149 33 816 0.83 0.1762423
10.55556 6.523611 78 1 1171 0.75 0.1442828
14.48333 5.891667 126 10 925 0.83 0.1529125
14.43889 4.461111 121 45 631 0.84 0.1618348
13.81111 4.261111 156 41 604 0.83 0.1556743
14.99444 3.583333 181 49 596 0.91 0.1540276
11.295 4.36 99 13 432 0.77 0.1518043
14.47222 4.055556 133 31 615 0.86 0.171819
10.8 6.197222 186 0 1823 0.77 0.1426845
11.95556 3.841667 94 28 718 0.92 0.1945352
8.02233 5.87702 147 1 101 0.64 0.1206084
11.335 4.83 41 6 479 0.79 0.1611624
8.31265 5.17784 126 1 130 0.78 0.1739591
8.916667 5.319444 24 1 785 0.79 0.1686566
8.12488 5.88602 167 0 112 0.64 0.1219944
8.10365 5.92888 113 0 103 0.68 0.1165066
8.32193 4.99706 139 4 98 0.72 0.1577117
11.35 4.17 141 44 530 0.81 0.1676088
8.64329 6.38781 143 0 169 0.74 0.1399647
8.39965 4.86912 95 7 75 0.71 0.1535874
8.45808 4.95691 115 13 92 0.74 0.1726092
11.386 4.433 184 18 457 0.79 0.1692990
10.16 5.26 132 17 1066 0.86 0.1395836
11.262 4.55 118 2 457 0.69 0.1467108
15.02751 3.87386 122 43 609 0.92 0.1675031
14.6333 4.383333 105 35 618 0.81 0.1560034
14.98056 4.205556 139 52 609 0.82 0.1545908
13.61667 4.202778 132 51 667 0.84 0.1809345
15.13611 3.711111 142 31 609 0.86 0.1550717
11.211 4.586 145 12 456 0.78 0.1481798
11.265 4.525 154 5 436 0.72 0.1456482
11.307 4.653 61 19 458 0.78 0.1569818
9.12477 6.6227 133 3 185 0.72 0.1306421
8.31016 5.05652 176 4 103 0.7 0.1428556
8.25042 5.07143 77 0 106 0.73 0.1552468
8.41008 4.88695 90 15 77 0.77 0.1661211
8.35013 5.03477 147 1 93 0.68 0.1413806
8.35116 5.0675 175 0 100 0.76 0.1438230
8.34904 5.07744 135 1 104 0.76 0.1617181
8.35487 5.05759 129 2 98 0.7 0.1462759
8.80114 6.64965 140 0 128 0.7 0.1331504
11.12361 6.397222 111 11 954 0.8 0.1598109
10.598 5.773 150 0 1151 0.71 0.1539116
13.98333 4.233333 268 101 613 0.84 0.1633857
10.59583 6.598611 125 4 1147 0.74 0.151617
14.35 4 140 49 617 0.85 0.1677308
9.291667 5.8625 174 15 751 0.81 0.1519287
10.58889 6.523611 94 3 1227 0.76 0.1486104
10.82222 6.234722 151 0 1649 0.76 0.1321073
11.172 4.667 118 6 516 0.8 0.1452255
11.34 6.296 104 30 908 0.79 0.1512162
14.78333 4.333333 99 40 609 0.81 0.1576870
11.445 6.396 374 96 779 0.79 0.1448159
11.25 6.47 240 53 842 0.83 0.1703371
10.87639 6.172222 140 0 1362 0.75 0.1419282
11.505 4.252 130 43 565 0.81 0.1759705
10.92222 6.027778 133 3 814 0.76 0.1704135
9.975 4.5 71 11 69 0.9 0.1680308
10.27222 3.775 82 10 90 0.9 0.206684
11.073 5.464 150 29 764 0.86 0.1319982
10.887 5.122 74 4 828 0.85 0.1484586
11.855 6.804 130 3 1132 0.76 0.1625056
11.583 6.4 267 26 1166 0.78 0.1551581
11.75 3.616667 66 21 472 0.85 0.1833134
14.53333 5.133333 144 59 813 0.84 0.1560849
11.366 4.466 150 6 410 0.75 0.1775039
10.55278 6.625 115 3 1162 0.73 0.1540282
15.06667 3.608333 140 41 601 0.88 0.1430489
11.10972 6.356944 70 29 918 0.82 0.1568484
8.948611 5.425 39 3 933 0.91 0.1736541
11.71667 3.65 123 28 490 0.84 0.1675332
11.3 6 160 27 696 0.83 0.1614238
11.45 6.06 147 56 762 0.8 0.1436028
11.369 4.927 91 14 532 0.8 0.1469302
14.05 5.416667 118 33 789 0.83 0.1734458
11.52 6.285 99 20 793 0.79 0.1755479
11.678 6.878 187 0 1382 0.72 0.1618892
10.42 5.034 123 1 1217 0.84 0.1714355
10.5 5 94 6 917 0.86 0.1640584
9.980556 4.445833 133 24 268 0.84 0.1520339
11.3 4.32 266 56 456 0.78 0.1622820
10.57222 6.520833 68 5 1209 0.77 0.1498871
11.68889 3.755556 162 29 579 0.84 0.1721359
15.05833 3.558333 149 39 572 0.9 0.1447664
11.97917 3.85 168 41 750 0.88 0.1644133
11.56667 3.433333 191 54 388 0.87 0.1592215
11.16111 6.408333 66 7 869 0.8 0.1579347
11.18 4.82 125 5 473 0.8 0.1522561
14.06111 4.238889 53 19 609 0.89 0.1636997
14.575 4.388889 98 14 622 0.83 0.1413828
11.07083 6.338889 112 49 1006 0.82 0.1364629
14.05 4.266666 114 53 618 0.86 0.1529064
11.05 6.333333 91 46 1006 0.8 0.1435975
10.8625 6.161111 105 0 1647 0.74 0.1375789
10.55278 6.547222 146 1 1161 0.76 0.1376994
11.63889 3.672222 182 56 518 0.82 0.1616817
11.08889 6.345833 96 51 962 0.84 0.1568111
9.113889 5.561111 107 18 907 0.83 0.1640843
11.175 4.085 121 33 623 0.81 0.1849802
11.48 4.348 178 46 605 0.8 0.1794169
11.515 4.382 165 43 443 0.81 0.1772312
11.43 4.48 149 19 440 0.79 0.1636452
11.48 4.08 260 83 745 0.81 0.1743470
11.184 4.154 84 14 459 0.82 0.1831316
11.481 4.278 326 95 609 0.82 0.1766257
11.375 4.309 121 31 616 0.84 0.1746056
12.01389 3.904167 118 36 751 0.81 0.1519287
10.00833 4.545833 66 13 907 0.83 0.1640843
11.231 4.236 146 15 457 0.82 0.1721120
11.56667 3.3625 174 47 801 0.85 0.1426147
10.97778 6.327778 95 31 833 0.79 0.1540350
8.60972 6.36011 140 2 159 0.77 0.1593882
11.454 4.421 318 57 457 0.78 0.1704102
11.00556 6.343056 107 48 903 0.8 0.1593453
11.13056 6.372222 52 18 878 0.81 0.1555794
11.567 6.175 213 47 847 0.76 0.1633238
11.334 4.576 64 4 513 0.73 0.1398553
11.307 4.8 57 7 456 0.76 0.1428163
14.06667 4.233333 82 32 609 0.88 0.1652188
11.625 6.575 260 4 1204 0.71 0.1127354
9.2375 6.138889 121 7 750 0.88 0.1644133
9.261111 6.141667 159 10 388 0.87 0.1592215
8.37067 6.09264 166 5 106 0.66 0.1368719
8.961111 5.475 79 4 888 0.89 0.1535458
9.12656 6.58986 141 11 318 0.73 0.1314654
9.347222 5.9625 45 1 490 0.84 0.1675332
11.317 6.45 432 162 914 0.82 0.1428226
10.85 6.190278 212 0 1829 0.74 0.1352844
11.15 6.383333 229 24 851 0.81 0.1589537
11.4 6.43 273 110 769 0.8 0.1529050
9.288889 6.008333 134 11 579 0.84 0.1721359
10.90694 6.159722 52 0 1329 0.8 0.1475423
11.77 6.7 299 0 1217 0.71 0.1435179
11.296 4.704 64 7 456 0.74 0.1370498
11.683 6.65 78 4 1220 0.67 0.1037118
9.966667 4.455556 80 12 751 0.8 0.1441905
11.049 4.835 132 7 609 0.81 0.1620157
10.80972 6.1875 126 0 1649 0.77 0.1453455
11.475 4.816 91 12 444 0.74 0.1638067
11.055 4.429 144 14 491 0.8 0.1516599
11.454 4.187 97 35 612 0.82 0.1784021
11.6 6.315 335 121 797 0.78 0.1647170
11.12 4.53 138 17 461 0.74 0.1447748
11.51667 3.433333 220 73 888 0.89 0.1535458
